1 4 3379 3242 3359 11293 
1 4 3379 3329 276 385 
1 2 11293 285 
1 2 11293 3342 
1 3 3342 369 11371 
1 3 3342 3396 9303 
1 4 3342 9310 9284 7394 
1 2 9284 6289 
2 2 9392 11378 
2 2 9392 3273 
2 3 351 11299 11378 
2 2 3273 6320 
1 2 9392 6320 
2 3 6320 11218 11332 
2 2 3273 6395 
2 3 6395 9237 6350 
2 4 6395 3373 11161 3178 
2 3 9392 9383 6300 
2 4 6300 6385 11306 9075 
2 3 6300 3150 11136 
2 4 11136 11207 9161 9075 
2 4 9075 6104 3159 11064 
3 9 351 11270 9332 9269 11382 11279 9268 11221 11333 
3 5 11333 9239 6221 11471 3369 
3 3 11279 6237 9315 
3 3 9315 9379 9332 
3 3 9315 6318 6384 
3 5 3369 6378 9297 11345 9315 
3 5 6318 6268 6335 9285 11332 
2 3 11333 13070 3501 
2 4 11333 11374 221 271 
2 6 3369 9484 13261 3463 540 6526 
2 6 3463 3422 6489 9458 11446 3501 
2 3 11333 507 9458 
2 2 9269 11297 
2 5 3369 3241 377 407 11361 
2 4 6363 9364 3205 6318 
2 5 3274 311 6301 3301 9297 
2 3 407 253 6301 
2 2 271 322 
