1 46 
1 70 
1 81 
1 101 
1 124 
1 271 
1 293 
1 310 
1 336 
1 351 
1 377 
1 418 
1 476 
1 488 
1 495 
1 511 
1 512 
1 513 
1 514 
1 525 
1 540 
1 564 
1 587 
1 590 
1 673 
1 682 
1 688 
1 692 
1 740 
1 758 
1 792 
1 863 
1 864 
1 872 
1 877 
1 940 
1 955 
1 989 
1 1065 
1 1074 
1 1086 
1 1093 
1 1145 
1 1176 
1 1329 
1 1339 
1 1384 
1 1459 
1 1479 
1 1483 
1 1494 
1 1554 
1 1578 
1 1606 
1 1668 
1 1896 
1 1909 
1 1939 
1 1950 
1 1951 
1 1971 
1 1984 
1 2004 
1 2025 
1 2038 
1 2050 
1 2081 
1 2089 
1 2120 
1 2196 
1 2206 
1 2220 
1 3083 
1 3122 
1 3125 
1 3246 
1 3262 
1 3326 
1 3327 
1 3378 
1 3379 
1 3392 
1 3393 
1 3414 
1 3501 
1 3522 
1 3554 
1 3559 
1 3569 
1 3573 
1 3583 
1 3597 
1 3617 
1 3618 
1 3652 
1 3671 
1 3673 
1 3674 
1 3686 
1 3689 
1 3725 
1 3738 
1 3768 
1 3780 
1 3790 
1 3816 
1 3866 
1 3916 
1 3938 
1 3951 
1 4046 
1 4076 
1 4108 
1 4111 
1 4112 
1 4115 
1 4161 
1 4512 
1 4515 
1 4556 
1 4696 
1 4851 
1 4879 
1 4948 
1 4970 
1 4989 
1 4997 
1 5010 
1 5029 
1 5064 
1 5075 
1 5081 
1 5106 
1 5117 
1 5139 
1 5199 
1 5210 
1 6039 
1 6047 
1 6197 
1 6217 
1 6232 
1 6248 
1 6249 
1 6286 
1 6296 
1 6297 
1 6302 
1 6312 
1 6377 
1 6384 
1 6392 
1 6408 
1 6420 
1 6436 
1 6474 
1 6488 
1 6524 
1 6537 
1 6558 
1 6572 
1 6573 
1 6597 
1 6606 
1 6613 
1 6652 
1 6678 
1 6709 
1 6711 
1 6718 
1 6747 
1 6761 
1 6766 
1 6780 
1 6814 
1 6880 
1 6950 
1 6965 
1 6977 
1 6990 
1 7005 
1 7011 
1 7069 
1 7079 
1 7107 
1 7117 
1 7132 
1 7140 
1 7151 
1 7180 
1 7183 
1 7193 
1 7341 
1 7394 
1 7477 
1 7602 
1 7741 
1 7872 
1 7900 
1 7924 
1 7959 
1 7979 
1 7980 
1 7982 
1 7983 
1 8007 
1 8022 
1 8034 
1 8035 
1 8038 
1 8039 
1 8074 
1 8124 
1 8144 
1 8193 
1 8245 
1 9056 
1 9060 
1 9061 
1 9082 
1 9126 
1 9138 
1 9154 
1 9201 
1 9288 
1 9296 
1 9297 
1 9303 
1 9304 
1 9346 
1 9347 
1 9392 
1 9398 
1 9427 
1 9461 
1 9477 
1 9493 
1 9503 
1 9508 
1 9517 
1 9533 
1 9548 
1 9570 
1 9578 
1 9598 
1 9648 
1 9680 
1 9764 
1 9817 
1 9833 
1 9893 
1 9907 
1 9914 
1 9930 
1 9945 
1 9962 
1 10041 
1 10070 
1 10087 
1 10099 
1 10106 
1 10148 
1 10284 
1 10308 
1 10400 
1 10414 
1 10440 
1 10472 
1 10603 
1 10671 
1 10731 
1 10737 
1 10760 
1 10788 
1 10803 
1 10833 
1 10836 
1 10837 
1 10840 
1 10883 
1 10919 
1 10922 
1 10929 
1 10932 
1 10988 
1 11015 
1 11048 
1 11064 
1 11090 
1 11105 
1 11114 
1 11128 
1 11136 
1 11178 
1 11181 
1 11189 
1 11220 
1 11249 
1 11266 
1 11267 
1 11274 
1 11287 
1 11293 
1 11311 
1 11329 
1 11333 
1 11370 
1 11405 
1 11435 
1 11439 
1 11465 
1 11467 
1 11479 
1 11483 
1 11485 
1 11537 
1 11544 
1 11547 
1 11548 
1 11554 
1 11565 
1 11659 
1 11688 
1 11691 
1 11701 
1 11746 
1 11747 
1 11805 
1 11824 
1 11825 
1 11838 
1 11853 
1 11866 
1 11877 
1 11881 
1 11887 
1 11919 
1 11921 
1 11953 
1 11970 
1 11984 
1 12029 
1 12049 
1 12071 
1 12324 
1 12329 
1 12333 
1 12413 
1 12473 
1 12583 
1 12589 
1 12594 
1 12653 
1 12677 
1 12702 
1 12751 
1 12794 
1 12830 
1 12834 
1 12874 
1 12883 
1 12891 
1 12911 
1 12941 
1 12958 
1 12975 
1 12981 
1 12985 
1 12986 
1 12989 
1 13011 
1 13018 
1 13072 
1 13202 
1 13207 
1 13208 
1 13210 
1 13228 
1 13229 
1 13250 
1 13287 
1 13348 
1 13377 
1 13451 
1 13483 
1 13515 
1 13579 
1 13616 
1 13734 
1 13783 
